  2004     1     0.929  0.127     0.794  0.037     0.868  0.031     0.830  0.033     0.795  0.032
  2004     2     1.291  0.079     0.752  0.040     0.876  0.032     0.825  0.033     0.798  0.032
  2004     3     0.997  0.048     0.730  0.035     0.879  0.032     0.829  0.033     0.800  0.033
  2004     4     0.903  0.072     0.704  0.035     0.885  0.033     0.834  0.034     0.803  0.033
  2004     5     0.214  0.082     0.754  0.039     0.879  0.033     0.837  0.034     0.807  0.033
  2004     6     0.376  0.070     0.681  0.038     0.887  0.033     0.838  0.034     0.807  0.033
  2004     7    -0.076  0.125     0.705  0.041     0.896  0.034     0.842  0.034     0.808  0.033
  2004     8     0.293  0.119     0.656  0.044     0.888  0.034     0.844  0.034     0.812  0.033
  2004     9     0.537  0.063     0.675  0.047     0.884  0.034     0.848  0.034     0.814  0.033
  2004    10     0.874  0.088     0.706  0.049     0.894  0.034     0.849  0.034     0.816  0.033
  2004    11     1.224  0.091     0.761  0.047     0.898  0.035     0.852  0.034     0.815  0.033
  2004    12     0.629  0.074     0.811  0.046     0.902  0.037     0.850  0.034     0.819  0.033
  2005     1     1.212  0.108     0.884  0.043     0.901  0.037     0.857  0.034     0.820  0.033
  2005     2     0.710  0.105     0.912  0.043     0.904  0.038     0.859  0.034     0.820  0.033
  2005     3     1.223  0.070     0.960  0.046     0.904  0.039     0.863  0.034     0.823  0.033
  2005     4     1.275  0.077     0.999  0.046     0.910  0.039     0.864  0.035     0.825  0.033
  2005     5     0.873  0.072     1.007  0.045     0.913  0.039     0.868  0.035     0.828  0.034
  2005     6     0.970  0.058     1.059  0.046     0.921  0.040     0.871  0.035     0.829  0.034
  2005     7     0.809  0.100     1.015  0.048     0.902  0.040     0.874  0.035     0.829  0.034
  2005     8     0.619  0.100     1.058  0.046     0.894  0.040     0.876  0.036     0.830  0.034
  2005     9     1.118  0.102     1.039  0.045     0.908  0.041     0.879  0.036     0.831  0.034
  2005    10     1.342  0.063     0.992  0.040     0.911  0.041     0.887  0.036     0.834  0.034
  2005    11     1.323  0.073     0.955  0.034     0.909  0.042     0.897  0.036     0.837  0.034
  2005    12     1.246  0.103     0.952  0.037     0.911  0.043     0.900  0.036     0.843  0.034
  2006     1     0.694  0.100     0.939  0.041     0.914  0.042     0.900  0.035     0.848  0.034
  2006     2     1.223  0.083     0.972  0.044     0.909  0.042     0.900  0.035     0.854  0.034
  2006     3     0.988  0.066     0.943  0.044     0.907  0.042     0.899  0.036     0.862  0.034
  2006     4     0.715  0.057     0.918  0.043     0.906  0.042     0.901  0.036       NaN    NaN
  2006     5     0.429  0.122     0.879  0.041     0.915  0.042     0.899  0.036       NaN    NaN
  2006     6     0.929  0.083     0.888  0.040     0.902  0.042     0.901  0.036       NaN    NaN
  2006     7     0.658  0.152     0.996  0.041     0.905  0.043     0.904  0.037       NaN    NaN
  2006     8     1.018  0.129     0.978  0.042     0.898  0.043     0.909  0.037       NaN    NaN
  2006     9     0.771  0.104     0.993  0.039     0.894  0.043     0.911  0.037       NaN    NaN
  2006    10     1.040  0.066     1.058  0.044     0.896  0.044     0.914  0.037       NaN    NaN
  2006    11     0.852  0.044     1.119  0.056     0.905  0.044     0.910  0.037       NaN    NaN
  2006    12     1.360  0.090     1.109  0.058     0.910  0.044     0.912  0.037       NaN    NaN
  2007     1     1.985  0.114     1.125  0.054     0.926  0.044     0.904  0.037       NaN    NaN
  2007     2     1.014  0.056     1.112  0.052     0.934  0.044     0.896  0.037       NaN    NaN
  2007     3     1.168  0.067     1.117  0.051     0.942  0.044     0.889  0.037       NaN    NaN
  2007     4     1.483  0.097     1.122  0.051     0.942  0.043     0.893  0.038       NaN    NaN
  2007     5     1.169  0.090     1.133  0.052     0.937  0.042     0.896  0.038       NaN    NaN
  2007     6     0.811  0.104     1.094  0.052     0.938  0.043     0.899  0.038       NaN    NaN
  2007     7     0.851  0.096     0.950  0.052     0.937  0.042     0.897  0.039       NaN    NaN
  2007     8     0.857  0.101     0.897  0.053     0.945  0.042     0.898  0.039       NaN    NaN
  2007     9     0.832  0.098     0.932  0.052     0.948  0.041     0.899  0.039       NaN    NaN
  2007    10     1.096  0.109     0.887  0.051     0.948  0.041     0.903  0.039       NaN    NaN
  2007    11     0.993  0.055     0.848  0.050     0.951  0.042     0.905  0.039       NaN    NaN
  2007    12     0.890  0.089     0.833  0.051     0.950  0.042     0.906  0.039       NaN    NaN
  2008     1     0.256  0.139     0.828  0.048     0.950  0.042     0.903  0.039       NaN    NaN
  2008     2     0.376  0.091     0.796  0.051     0.955  0.042     0.904  0.039       NaN    NaN
  2008     3     1.592  0.059     0.785  0.055     0.949  0.042     0.906  0.039       NaN    NaN
  2008     4     0.944  0.077     0.789  0.052     0.946  0.042     0.905  0.039       NaN    NaN
  2008     5     0.696  0.094     0.800  0.050     0.947  0.041     0.906  0.039       NaN    NaN
  2008     6     0.632  0.094     0.788  0.048     0.938  0.041     0.910  0.039       NaN    NaN
  2008     7     0.788  0.102     0.858  0.046     0.938  0.040     0.910  0.039       NaN    NaN
  2008     8     0.477  0.168     0.900  0.044     0.926  0.040     0.911  0.039       NaN    NaN
  2008     9     0.694  0.116     0.831  0.044     0.923  0.041     0.913  0.038       NaN    NaN
  2008    10     1.152  0.088     0.837  0.045     0.930  0.042     0.911  0.038       NaN    NaN
  2008    11     1.122  0.052     0.842  0.045     0.933  0.044     0.917  0.038       NaN    NaN
  2008    12     0.747  0.079     0.847  0.042     0.932  0.044     0.914  0.038       NaN    NaN
  2009     1     1.096  0.082     0.853  0.047     0.940  0.043     0.916  0.038       NaN    NaN
  2009     2     0.882  0.072     0.876  0.046     0.941  0.043     0.907  0.038       NaN    NaN
  2009     3     0.757  0.045     0.906  0.043     0.942  0.043     0.908  0.038       NaN    NaN
  2009     4     1.020  0.103     0.883  0.040     0.943  0.042     0.911  0.039       NaN    NaN
  2009     5     0.757  0.117     0.866  0.041     0.941  0.042     0.919  0.039       NaN    NaN
  2009     6     0.696  0.083     0.860  0.042     0.936  0.043     0.923  0.039       NaN    NaN
  2009     7     0.848  0.143     0.864  0.042     0.912  0.042     0.928  0.039       NaN    NaN
  2009     8     0.757  0.113     0.889  0.040     0.903  0.043     0.933  0.039       NaN    NaN
  2009     9     1.052  0.072     0.944  0.040     0.895  0.043     0.937  0.039       NaN    NaN
  2009    10     0.874  0.060     0.968  0.038     0.892  0.042     0.939  0.039       NaN    NaN
  2009    11     0.927  0.052     0.993  0.035     0.894  0.042     0.934  0.038       NaN    NaN
  2009    12     0.671  0.063     1.009  0.038     0.896  0.041     0.939  0.038       NaN    NaN
  2010     1     1.142  0.071     1.007  0.037     0.894  0.041     0.939  0.038       NaN    NaN
  2010     2     1.185  0.072     1.017  0.039     0.893  0.042     0.946  0.037       NaN    NaN
  2010     3     1.414  0.072     0.993  0.039     0.895  0.042     0.947  0.037       NaN    NaN
  2010     4     1.311  0.105     1.020  0.040     0.896  0.041     0.945  0.038       NaN    NaN
  2010     5     1.057  0.066     1.059  0.040     0.898  0.040     0.945  0.038       NaN    NaN
  2010     6     0.891  0.106     1.058  0.039     0.891  0.040     0.946  0.038       NaN    NaN
  2010     7     0.823  0.100     1.020  0.038     0.904  0.040     0.944  0.038       NaN    NaN
  2010     8     0.875  0.123     0.966  0.042     0.915  0.039     0.946  0.038       NaN    NaN
  2010     9     0.765  0.062     0.914  0.045     0.904  0.039     0.945  0.038       NaN    NaN
  2010    10     1.194  0.057     0.900  0.046     0.900  0.039     0.946  0.038       NaN    NaN
  2010    11     1.393  0.032     0.865  0.048     0.902  0.039     0.946  0.038       NaN    NaN
  2010    12     0.664  0.036     0.863  0.045     0.910  0.038     0.951  0.037       NaN    NaN
  2011     1     0.691  0.072     0.886  0.045     0.907  0.038     0.959  0.037       NaN    NaN
  2011     2     0.537  0.062     0.906  0.042     0.913  0.037     0.967  0.037       NaN    NaN
  2011     3     0.784  0.086     0.910  0.044     0.919  0.037     0.977  0.037       NaN    NaN
  2011     4     1.145  0.083     0.903  0.043     0.917  0.037       NaN    NaN       NaN    NaN
  2011     5     0.634  0.098     0.847  0.045     0.920  0.037       NaN    NaN       NaN    NaN
  2011     6     0.867  0.090     0.879  0.047     0.926  0.037       NaN    NaN       NaN    NaN
  2011     7     1.100  0.110     0.869  0.049     0.927  0.036       NaN    NaN       NaN    NaN
  2011     8     1.118  0.093     0.860  0.048     0.917  0.036       NaN    NaN       NaN    NaN
  2011     9     0.815  0.086     0.854  0.044     0.922  0.036       NaN    NaN       NaN    NaN
  2011    10     1.103  0.057     0.869  0.045     0.925  0.036       NaN    NaN       NaN    NaN
  2011    11     0.726  0.062     0.920  0.044     0.933  0.036       NaN    NaN       NaN    NaN
  2011    12     1.051  0.111     0.930  0.046     0.935  0.037       NaN    NaN       NaN    NaN
  2012     1     0.569  0.057     0.896  0.048     0.929  0.037       NaN    NaN       NaN    NaN
  2012     2     0.426  0.069     0.871  0.052     0.933  0.037       NaN    NaN       NaN    NaN
  2012     3     0.708  0.064     0.882  0.053     0.932  0.037       NaN    NaN       NaN    NaN
  2012     4     1.334  0.095     0.888  0.049     0.935  0.037       NaN    NaN       NaN    NaN
  2012     5     1.237  0.109     0.916  0.046     0.930  0.037       NaN    NaN       NaN    NaN
  2012     6     0.987  0.054     0.867  0.043     0.939  0.036       NaN    NaN       NaN    NaN
  2012     7     0.694  0.109     0.911  0.040     0.942  0.036       NaN    NaN       NaN    NaN
  2012     8     0.819  0.108     0.960  0.040     0.946  0.036       NaN    NaN       NaN    NaN
  2012     9     0.943  0.084     0.978  0.040     0.947  0.036       NaN    NaN       NaN    NaN
  2012    10     1.182  0.071     0.925  0.037     0.941  0.036       NaN    NaN       NaN    NaN
  2012    11     1.058  0.068     0.893  0.037     0.939  0.036       NaN    NaN       NaN    NaN
  2012    12     0.469  0.045     0.899  0.034     0.941  0.037       NaN    NaN       NaN    NaN
  2013     1     1.090  0.085     0.892  0.032     0.938  0.036       NaN    NaN       NaN    NaN
  2013     2     1.015  0.102     0.895  0.026     0.938  0.037       NaN    NaN       NaN    NaN
  2013     3     0.931  0.086     0.904  0.026     0.940  0.038       NaN    NaN       NaN    NaN
  2013     4     0.697  0.061     0.890  0.026     0.946  0.038       NaN    NaN       NaN    NaN
  2013     5     0.844  0.113     0.913  0.027     0.945  0.037       NaN    NaN       NaN    NaN
  2013     6     1.060  0.083     0.965  0.028     0.964  0.037       NaN    NaN       NaN    NaN
  2013     7     0.619  0.068     0.969  0.029     0.980  0.038       NaN    NaN       NaN    NaN
  2013     8     0.852  0.113     0.908  0.030     1.007  0.038       NaN    NaN       NaN    NaN
  2013     9     1.050  0.077     0.919  0.033     1.030  0.037       NaN    NaN       NaN    NaN
  2013    10     1.009  0.068     0.964  0.036       NaN    NaN       NaN    NaN       NaN    NaN
  2013    11     1.335  0.047     0.996  0.034       NaN    NaN       NaN    NaN       NaN    NaN
  2013    12     1.090  0.071     0.976  0.037       NaN    NaN       NaN    NaN       NaN    NaN
  2014     1     1.137  0.070     0.965  0.038       NaN    NaN       NaN    NaN       NaN    NaN
  2014     2     0.288  0.069     0.976  0.042       NaN    NaN       NaN    NaN       NaN    NaN
  2014     3     1.062  0.106     0.971  0.045       NaN    NaN       NaN    NaN       NaN    NaN
  2014     4     1.245  0.115     0.977  0.047       NaN    NaN       NaN    NaN       NaN    NaN
  2014     5     1.219  0.085     0.917  0.045       NaN    NaN       NaN    NaN       NaN    NaN
  2014     6     0.828  0.067     0.928  0.043       NaN    NaN       NaN    NaN       NaN    NaN
  2014     7     0.487  0.079     0.941  0.042       NaN    NaN       NaN    NaN       NaN    NaN
  2014     8     0.983  0.156     1.038  0.041       NaN    NaN       NaN    NaN       NaN    NaN
  2014     9     0.990  0.087     1.069  0.039       NaN    NaN       NaN    NaN       NaN    NaN
  2014    10     1.080  0.070     1.046  0.039       NaN    NaN       NaN    NaN       NaN    NaN
  2014    11     0.618  0.082     1.024  0.037       NaN    NaN       NaN    NaN       NaN    NaN
  2014    12     1.219  0.063     1.038  0.039       NaN    NaN       NaN    NaN       NaN    NaN
  2015     1     1.288  0.077     1.053  0.039       NaN    NaN       NaN    NaN       NaN    NaN
  2015     2     1.457  0.068     1.043  0.038       NaN    NaN       NaN    NaN       NaN    NaN
  2015     3     1.429  0.064     1.034  0.039       NaN    NaN       NaN    NaN       NaN    NaN
  2015     4     0.974  0.143     1.073  0.039       NaN    NaN       NaN    NaN       NaN    NaN
  2015     5     0.956  0.080     1.132  0.040       NaN    NaN       NaN    NaN       NaN    NaN
  2015     6     0.994  0.106     1.181  0.040       NaN    NaN       NaN    NaN       NaN    NaN
  2015     7     0.666  0.092     1.210  0.045       NaN    NaN       NaN    NaN       NaN    NaN
  2015     8     0.864  0.095     1.270  0.049       NaN    NaN       NaN    NaN       NaN    NaN
  2015     9     0.885  0.103     1.332  0.050       NaN    NaN       NaN    NaN       NaN    NaN
  2015    10     1.538  0.078       NaN    NaN       NaN    NaN       NaN    NaN       NaN    NaN
  2015    11     1.328  0.065       NaN    NaN       NaN    NaN       NaN    NaN       NaN    NaN
  2015    12     1.812  0.085       NaN    NaN       NaN    NaN       NaN    NaN       NaN    NaN
  2016     1     1.633  0.101       NaN    NaN       NaN    NaN       NaN    NaN       NaN    NaN
  2016     2     2.183  0.108       NaN    NaN       NaN    NaN       NaN    NaN       NaN    NaN
  2016     3     2.174  0.108       NaN    NaN       NaN    NaN       NaN    NaN       NaN    NaN 